6.7371904648700065
5.9315935686049555
5.901154707081388
5.89522858644422
5.89009494311733
5.885004158443645
5.8799324804914175
5.874879094762574
5.869843911806386
5.86482686531293
5.8598278899321805
5.85484692057229
5.849883892376587
5.844938740722034
5.84001140121836
5.835101809707227
5.830209902261389
5.825335615183863
5.820478885007099
5.815639648492154
5.810817842627868
5.806013404630045
5.801226271940628
5.796456382226899
5.791703673380653
5.786968083517395
5.782249550975538
5.777548014315596
5.772863412319381
5.768195683989213
5.763544768547121
5.758910605434048
5.754293134309076
5.749692295048628
5.745108027745685
5.740540272709013
5.735988970462381
5.731454061743792
5.7269354875047025
5.722433188909256
5.717947107333529
5.713477184364749
5.709023361800551
5.704585581648199
5.700163786123856
5.695757917651815
5.691367918863751
5.686993732597981
5.682635301898707
5.678292570015292
5.673965480401506
5.669653976714797
5.6653580028155535
5.661077502766379
5.656812420831359
5.652562701475333
5.648328289363182
5.644109129359093
5.639905166525855
5.635716346124136
5.631542613611771
5.627383914643053
5.623240195068026
5.619111400931778
5.61499747847374
5.610898374126985
5.606814034517531
5.602744406463646
5.598689436975159
5.59464907325276
5.590623262687323
5.586611952859217
5.5826150915376225
5.578632626679854
5.574664506430678
5.5707106791216425
5.566771093270403
5.56284569758005
5.558934440938442
5.555037272417543
5.551154141272754
5.547284996942257
5.543429789046352
5.5395884673868085
5.535760981946203
5.531947282887274
5.528147320552271
5.524361045462307
5.520588408316713
5.5168293599924025
5.513083851543225
5.509351834199332
5.5056332593665385
5.501928078625699
5.498236243732065
5.494557706614666
5.490892419375678
5.487240334289805
5.483601403803652
5.479975580535111
5.476362817272741
5.472763066975153
5.469176282770399
5.46560241795536
5.462041425995138
5.4584932605224585
5.454957875337048
5.451435224405051
5.4479252618584235
5.444427941994332
5.440943219274565
5.437471048324934
5.434011383934687
5.430564181055919
5.427129394802986
5.423706980451918
5.420296893439838
5.416899089364382
5.413513523983124
5.410140153212988
5.406778933129693
5.403429819967165
5.4000927701169745
5.396767740127768
5.393454686704696
5.390153566708861
5.386864337156746
5.383586955219661
5.380321378223178
5.377067563646581
5.373825469122317
5.37059505243543
5.367376271523024
5.364169084473712
5.360973449527068
5.357789325073084
5.354616669651632
5.3514554419519165
5.348305600811943
5.345167105217982
5.34203991430403
5.338923987351283
5.335819283787601
5.332725763186988
5.329643385269053
5.326572109898499
5.323511897084588
5.32046270698063
5.317424499883461
5.3143972362329235
5.311380876611355
5.308375381743072
5.305380712493861
5.302396829870464
5.299423695020081
5.2964612692298525
5.29350951392636
5.290568390675129
5.2876378611801185
5.284717887283231
5.281808430963811
5.278909454338153
5.276020919659
5.27314278931507
5.270275025830544
5.26741759186459
5.264570450210886
5.26173356379711
5.2589068956844836
5.256090409067274
5.253284067272322
5.250487833758565
5.247701672116556
5.244925546067993
5.242159419465253
5.2394032562909025
5.236657020657252
5.23392067680587
5.2311941891071285
5.228477522059736
5.225770640290271
5.223073508552727
5.220386091728054
5.217708354823697
5.215040262973136
5.2123817814354485
5.2097328755948435
5.207093510960208
5.204463653164673
5.20184326796515
5.199232321241895
5.196630778998062
5.19403860735926
5.191455772573107
5.188882241008801
5.186317979156676
5.18376295362776
5.18121713115335
5.1786804785845755
5.176152962891966
5.173634551165022
5.171125210611782
5.168624908558403
5.166133612448731
5.163651289843874
5.16117790842179
5.158713435976849
5.156257840419433
5.1538110897755045
5.1513731521861965
5.148943995907394
5.146523589309323
5.14411190087614
5.141708899205515
5.139314553008234
5.136928831107779
5.134551702439931
5.1321831360523635
5.129823101104238
5.127471566865799
5.12512850271798
5.122793878152007
5.120467662768992
5.118149826279542
5.115840338503367
5.113539169368884
5.111246288912825
5.108961667279849
5.10668527472215
5.104417081599076
5.102157058376736
5.09990517562762
5.097661404030211
5.09542571436861
5.09319807753215
5.090978464515021
5.088766846415887
5.086563194437517
5.084367479886402
5.0821796741723855
5.079999748808297
5.0778276754095675
5.075663425693872
5.0735069714807555
5.071358284691267
5.069217337347597
5.067084101572706
5.064958549589968
5.062840653722809
5.060730386394342
5.05862772012701
5.05653262754223
5.0544450813600355
5.052365054398719
5.050292519574478
5.0482274499010735
5.046169818489456
5.044119598547442
5.042076763379343
5.040041286385627
5.038013141062576
5.035992301001938
5.0339787398905775
5.03197243151014
5.029973349736706
5.027981468540455
5.025996761985323
5.024019204228666
5.022048769520927
5.020085432205293
5.018129166717367
5.016179947584834
5.01423774942713
5.012302546955106
5.010374314970708
5.008453028366643
5.006538662126047
5.004631191322175
5.002730591118061
5.000836836766199
4.998949903608226
4.997069767074595
4.995196402684256
4.993329786044343
4.991469892849844
4.9896166988833
4.987770180014478
4.98593031220006
4.984097071483332
4.982270433993872
4.980450375947234
4.978636873644646
4.976829903472699
4.97502944190303
4.973235465492034
4.97144795088054
4.969666874793523
4.967892214039784
4.966123945511669
4.9643620461847435
4.962606493117519
4.96085726345113
4.959114334409053
4.957377683296804
4.955647287501639
4.95392312449227
4.9522051718185605
4.95049340711124
4.948787808081611
4.9470883525212574
4.945395018301759
4.943707783374397
4.942026625769878
4.94035152359803
4.938682455047537
4.937019398385642
4.935362331957868
4.933711234187742
4.932066083576499
4.930426858702819
4.928793538222534
4.927166100868362
4.925544525449623
4.923928790851963
4.922318876037079
4.920714760042452
4.919116421981068
4.91752384104114
4.9159369964858515
4.914355867653076
4.9127804339551115
4.91121067487841
4.9096465699833125
4.908088098903784
4.9065352413471475
4.904987977093815
4.903446285997032
4.901910147982609
4.900379543048666
4.8988544512653664
4.897334852774656
4.895820727790016
4.894312056596192
4.892808819548944
4.891310997074789
4.889818569670748
4.88833151790409
4.88684982241208
4.885373463901724
4.883902423149524
4.882436681001221
4.880976218371547
4.879521016243985
4.8780710556705085
4.876626317771342
4.875186783734712
4.87375243481661
4.872323252340535
4.870899217697262
4.869480312344593
4.868066517807122
4.866657815675987
4.865254187608633
4.863855615328575
4.862462080625158
4.861073565353326
4.859690051433371
4.858311520850714
4.856937955655664
4.855569337963177
4.854205649952639
4.852846873867618
4.851492992015639
4.850143986767961
4.8487998405593355
4.847460535887784
4.846126055314369
4.844796381462968
4.843471497020046
4.842151384734429
4.8408360274170805
4.839525407940884
4.838219509240405
4.836918314311682
4.835621806212003
4.834329968059677
4.833042783033826
4.831760234374156
4.830482305380744
4.829208979413816
4.8279402398935405
4.826676070299799
4.82541645417198
4.82416137510876
4.822910816767898
4.821664762866012
4.820423197178371
4.819186103538687
4.817953465838902
4.816725268028978
4.815501494116686
4.814282128167403
4.8130671543039
4.811856556706142
4.8106503196110655
4.809448427312395
4.808250864160424
4.807057614561818
4.805868662979402
4.804683993931976
4.803503591994089
4.802327441795867
4.801155528022781
4.799987835415476
4.798824348769555
4.797665052935391
4.796509932817919
4.795358973376448
4.7942121596244665
4.793069476629436
4.791930909512613
4.790796443448837
4.7896660636663535
4.788539755446615
4.787417504124086
4.786299295086054
4.785185113772448
4.784074945675635
4.7829687763402395
4.781866591362954
4.780768376392351
4.779674117128695
4.778583799323759
4.777497408780634
4.7764149313535516
4.775336352947692
4.774261659519007
4.773190837074032
4.772123871669707
4.771060749413196
4.770001456461701
4.768945979022286
4.767894303351698
4.7668464157561825
4.7658023025913145
4.7647619502618115
4.763725345221363
4.762692473972448
4.761663323066164
4.760637879102054
4.759616128727926
4.75859805863968
4.757583655581141
4.756572906343878
4.755565797767037
4.7545623167371724
4.753562450188068
4.75256618510057
4.7515735085024255
4.750584407468098
4.7495988691186195
4.748616880621399
4.7476384291900775
4.7466635020843455
4.745692086609786
4.744724170117706
4.743759740004974
4.742798783713851
4.741841288731831
4.740887242591483
4.739936632870275
4.738989447190422
4.738045673218729
4.737105298666415
4.7361683112889725
4.735234698885989
4.734304449301005
4.733377550421341
4.7324539901779525
4.731533756545262
4.73061683754101
4.729703221226098
4.728792895704427
4.727885849122752
4.726982069670519
4.726081545579716
4.725184265124722
4.724290216622143
4.7233993884306775
4.722511768950947
4.721627346625358
4.7207461099379495
4.719868047414232
4.718993147621053
4.7181213991664395
4.717252790699453
4.716387310910036
4.715524948528874
4.714665692327245
4.713809531116866
4.712956453749759
4.712106449118098
4.711259506154066
4.710415613829715
4.7095747611568175
4.708736937186721
4.707902131010216
4.707070331757382
4.706241528597455
4.705415710738681
4.7045928674281745
4.7037729879517896
4.702956061633963
4.70214207783759
4.701331025963877
4.700522895452207
4.699717675780004
4.698915356462593
4.698115927053061
4.697319377142127
4.696525696358006
4.6957348743662655
4.694946900869701
4.694161765608201
4.693379458358601
4.6925999689345685
4.691823287186457
4.691049403001181
4.690278306302082
4.689509987048791
4.688744435237112
4.68798164089888
4.6872215941018345
4.68646428494949
4.685709703581009
4.68495784017107
4.684208684929745
4.683462228102366
4.682718459969402
4.68197737084633
4.681238951083514
4.680503191066069
4.679770081213745
4.679039611980804
4.678311773855884
4.677586557361888
4.67686395305585
4.676143951528825
4.675426543405748
4.6747117193453285
4.673999470039924
4.673289786215413
4.672582658631083
4.671878078079506
4.671176035386413
4.670476521410587
4.669779527043734
4.669085043210366
4.668393060867689
4.667703571005476
4.667016564645957
4.666332032843698
4.665649966685488
4.664970357290219
4.664293195808771
4.6636184734239015
4.662946181350124
4.6622763108336
4.661608853152018
4.660943799614486
4.660281141561419
4.659620870364415
4.65896297742616
4.658307454180303
4.657654292091346
4.657003482654542
4.656355017395771
4.65570888787144
4.655065085668367
4.654423602403678
4.653784429724688
4.653147559308802
4.652512982863401
4.651880692125734
4.651250678862817
4.650622934871315
4.649997451977444
4.649374222036859
4.648753236934556
4.648134488584754
4.647517968930801
4.646903669945062
4.6462915836288206
4.6456817020121655
4.645074017153899
4.644468521141423
4.6438652060906405
4.643264064145856
4.642665087479663
4.6420682682928565
4.641473598814318
4.6408810713009245
4.640290678037439
4.639702411336419
4.639116263538107
4.638532227010337
4.637950294148439
4.637370457375124
4.636792709140407
4.636217041921489
4.635643448222672
4.635071920575255
4.634502451537444
4.633935033694243
4.633369659657367
4.6328063220651465
4.6322450135824225
4.631685726900461
4.63112845473685
4.630573189835415
4.630019924966112
4.629468652924937
4.628919366533842
4.62837205864063
4.627826722118865
4.627283349867779
4.626741934812184
4.626202469902374
4.625664948114039
4.625129362448163
4.6245957059309495
4.6240639716137135
4.623534152572803
4.623006241909503
4.622480232749945
4.621956118245026
4.621433891570307
4.620913545925934
4.62039507453654
4.619878470651173
4.6193637275431865
4.6188508385101725
4.618339796873855
4.61783059598002
4.61732322919842
4.616817689922685
4.616313971570251
4.61581206758225
4.61531197142345
4.6148136765821555
4.614317176570122
4.613822464922479
4.613329535197643
4.6128383809772275
4.61234899586597
4.611861373491642
4.611375507504967
4.610891391579535
4.61040901941173
4.609928384720636
4.609449481247962
4.60897230275796
4.608496843037341
4.608023095895198
4.607551055162921
4.607080714694119
4.606612068364545
4.606145110072005
4.605679833736285
4.6052162332990765
4.60475430272389
4.604294035995976
4.603835427122256
4.603378470131233
4.60292315907292
4.602469488018764
4.602017451061564
4.601567042315398
4.6011182559155435
4.6006710860184
4.600225526801422
4.59978157246303
4.599339217222544
4.598898455320107
4.598459281016607
4.5980216885936045
4.5975856723532535
4.597151226618241
4.596718345731695
4.596287024057118
4.595857255978325
4.595429035899349
4.595002358244385
4.5945772174577115
4.594153608003617
4.593731524366331
4.593310961049946
4.5928919125783585
4.592474373495181
4.592058338363687
4.591643801766726
4.591230758306666
4.590819202605312
4.590409129303845
4.590000533062742
4.589593408561724
4.5891877504996605
4.588783553594528
4.588380812583322
4.587979522221995
4.587579677285394
4.587181272567178
4.586784302879765
4.586388763054259
4.585994647940376
4.585601952406391
4.585210671339058
4.5848207996435475
4.584432332243386
4.584045264080381
4.5836595901145625
4.583275305324111
4.582892404705299
4.582510883272419
4.582130736057723
4.581751958111355
4.581374544501292
4.580998490313272
4.580623790650736
4.580250440634761
4.579878435403997
4.579507770114607
4.579138439940198
4.578770440071764
4.578403765717619
4.578038412103337
4.577674374471688
4.577311648082582
4.576950228212997
4.576590110156925
4.576231289225307
4.57587376074598
4.575517520063601
4.575162562539603
4.574808883552121
4.574456478495942
4.574105342782437
4.573755471839511
4.573406861111529
4.573059506059272
4.572713402159867
4.572368544906734
4.572024929809526
4.571682552394068
4.5713414082023025
4.571001492792229
4.5706628017378454
4.570325330629095
4.569989075071802
4.569654030687624
4.569320193113979
4.568987558004013
4.568656121026514
4.568325877865882
4.567996824222056
4.567668955810466
4.5673422683619735
4.567016757622818
4.566692419354561
4.566369249334027
4.566047243353258
4.565726397219448
4.565406706754898
4.565088167796951
4.564770776197949
4.564454527825169
4.564139418560778
4.563825444301772
4.563512600959928
4.563200884461749
4.562890290748405
4.5625808157756955
4.562272455513976
4.561965205948125
4.561659063077478
4.5613540229157845
4.561050081491149
4.560747234845986
4.560445479036962
4.560144810134946
4.559845224224968
4.559546717406144
4.559249285791657
4.558952925508682
4.558657632698342
4.558363403515664
4.558070234129523
4.557778120722592
4.557487059491295
4.557197046645756
4.5569080784097515
4.556620151020655
4.556333260729399
4.556047403800417
4.5557625765115946
4.5554787751542305
4.555195996032978
4.554914235465801
4.554633489783927
4.554353755331797
4.554075028467022
4.553797305560327
4.553520582995516
4.553244857169413
4.552970124491824
4.552696381385485
4.552423624286017
4.5521518496418825
4.551881053914331
4.551611233577363
4.551342385117678
4.55107450503463
4.550807589840182
4.550541636058859
4.55027664022771
4.550012598896254
4.549749508626433
4.549487365992584
4.549226167581372
4.5489659099917645
4.548706589834976
4.548448203734425
4.548190748325698
4.547934220256498
4.547678616186596
4.547423932787805
4.547170166743919
4.546917314750678
4.546665373515724
4.546414339758561
4.5461642102105015
4.545914981614642
4.545666650725802
4.54541921431049
4.545172669146869
4.544927012024698
4.544682239745306
4.544438349121537
4.5441953369777215
4.543953200149623
4.543711935484406
4.543471539840592
4.543232010088012
4.542993343107779
4.542755535792233
4.542518585044917
4.542282487780517
4.542047240924838
4.541812841414759
4.5415792861981865
4.541346572234026
4.541114696492136
4.540883655953286
4.540653447609125
4.540424068462133
4.540195515525592
4.5399677858235385
4.539740876390729
4.539514784272603
4.539289506525239
4.53906504021532
4.538841382420095
4.5386185302273425
4.538396480735326
4.538175231052766
4.537954778298796
4.537735119602923
4.537516252104996
4.537298172955165
4.537080879313847
4.5368643683516865
4.536648637249517
4.536433683198325
4.536219503399224
4.536006095063397
4.5357934554120805
4.535581581676518
4.535370471097922
4.535160120927449
4.53495052842615
4.534741690864946
4.534533605524584
4.534326269695612
4.534119680678329
4.533913835782763
4.533708732328634
4.53350436764531
4.533300739071781
4.533097843956623
4.532895679657961
4.532694243543436
4.532493532990172
4.532293545384737
4.532094278123115
4.531895728610671
4.531697894262111
4.5315007725014596
4.531304360762014
4.531108656486318
4.530913657126129
4.530719360142383
4.53052576300516
4.530332863193653
4.530140658196135
4.529949145509924
4.529758322641358
4.529568187105753
4.529378736427376
4.529189968139408
4.529001879783919
4.528814468911833
4.528627733082893
4.528441669865631
4.528256276837341
4.52807155158404
4.527887491700442
4.527704094789922
4.527521358464489
4.527339280344757
4.527157858059903
4.526977089247651
4.526796971554227
4.52661750263434
4.526438680151148
4.526260501776218
4.526082965189512
4.525906068079348
4.525729808142364
4.5255541830835035
4.525379190615968
4.525204828461202
4.525031094348856
4.524857986016757
4.524685501210879
4.5245136376853194
4.524342393202259
4.524171765531945
4.524001752452653
4.523832351750661
4.523663561220222
4.523495378663533
4.523327801890706
4.523160828719745
4.522994456976511
4.522828684494694
4.52266350911579
4.522498928689068
4.522334941071547
4.522171544127961
4.522008735730733
4.52184651375996
4.521684876103362
4.521523820656275
4.521363345321614
4.521203448009849
4.521044126638972
4.520885379134479
4.520727203429336
4.520569597463955
4.520412559186166
4.520256086551191
4.520100177521616
4.51994483006737
4.519790042165689
4.519635811801096
4.519482136965377
4.519329015657548
4.519176445883833
4.519024425657637
4.518872952999525
4.518722025937184
4.518571642505414
4.518421800746084
4.518272498708125
4.518123734447492
4.517975506027139
4.5178278115170025
4.517680648993969
4.517534016541849
4.517387912251361
4.5172423342200965
4.517097280552497
4.51695274935984
4.516808738760197
4.516665246878423
4.516522271846125
4.516379811801644
4.516237864890023
4.5160964292629835
4.515955503078913
4.515815084502824
4.515675171706342
4.515535762867679
4.515396856171608
4.515258449809439
4.515120541979001
4.514983130884607
4.514846214737047
4.51470979175355
4.514573860157765
4.514438418179744
4.514303464055914
4.5141689960290465
4.514035012348253
4.513901511268946
4.513768491052822
4.51363594996784
4.5135038862881975
4.513372298294308
4.513241184272778
4.5131105425163875
4.512980371324065
4.512850669000865
4.512721433857947
4.512592664212556
4.512464358387998
4.5123365147136125
4.512209131524767
4.512082207162816
4.511955739975093
4.51182972831488
4.511704170541396
4.511579065019768
4.511454410121006
4.511330204221996
4.5112064457054695
4.511083132959975
4.510960264379873
4.510837838365307
4.51071585332218
4.51059430766214
4.510473199802552
4.510352528166486
4.510232291182688
4.510112487285568
4.50999311491517
4.509874172517163
4.509755658542809
4.509637571448951
4.509519909697992
4.509402671757868
4.509285856102039
4.509169461209461
4.50905348556457
4.508937927657257
4.508822785982859
4.508708059042127
4.508593745341215
4.508479843391656
4.508366351710347
4.508253268819525
4.508140593246749
4.508028323524884
4.507916458192077
4.507804995791744
4.507693934872544
4.507583273988367
4.507473011698308
4.507363146566656
4.507253677162867
4.507144602061552
4.507035919842457
4.506927629090446
4.506819728395472
4.506712216352575
4.506605091561854
4.506498352628445
4.506391998162514
4.5062860267792315
4.506180437098758
4.506075227746218
4.505970397351696
4.505865944550204
4.5057618679816756
4.505658166290941
4.505554838127714
4.505451882146565
4.505349297006918
4.505247081373027
4.505145233913949
4.505043753303542
4.504942638220435
4.504841887348025
4.5047414993744415
4.504641472992545
4.504541806899905
4.5044424997987775
4.504343550396099
4.504244957403459
4.504146719537086
4.504048835517841
4.503951304071183
4.503854123927169
4.503757293820424
4.503660812490137
4.503564678680032
4.503468891138365
4.503373448617895
4.503278349875875
4.503183593674036
4.503089178778568
4.502995103960104
4.502901367993708
4.5028079696588525
4.502714907739411
4.502622181023632
4.502529788304133
4.502437728377875
4.5023460000461615
4.502254602114604
4.502163533393121
4.502072792695919
4.50198237884147
4.501892290652508
4.501802526956003
4.501713086583153
4.501623968369364
4.501535171154241
4.501446693781559
4.501358535099268
4.501270693959464
4.501183169218376
4.501095959736355
4.501009064377853
4.50092248201142
4.500836211509675
4.500750251749297
4.500664601611016
4.500579259979591
4.500494225743796
4.5004094977964115
4.500325075034203
4.5002409563579135
4.500157140672241
4.500073626885831
4.499990413911261
4.499907500665022
4.499824886067513
4.499742569043015
4.49966054851969
4.499578823429556
4.49949739270848
4.499416255296162
4.499335410136122
4.499254856175682
4.49917459236596
4.4990946176618465
4.499014931022003
4.498935531408838
4.498856417788497
4.498777589130851
4.498699044409481
4.498620782601665
4.498542802688364
4.49846510365421
4.4983876844874935
4.498310544180148
4.498233681727738
4.498157096129445
4.498080786388058
4.4980047515099555
4.497928990505096
4.497853502387004
4.497778286172757
4.497703340882972
4.497628665541798
4.497554259176892
4.497480120819419
4.4974062495040315
4.497332644268858
4.497259304155495
4.497186228208987
4.497113415477821
4.49704086501391
4.496968575872586
4.496896547112574
4.496824777796002
4.496753266988365
4.49668201375853
4.496611017178718
4.496540276324488
4.496469790274734
4.496399558111662
4.496329578920788
4.496259851790923
4.496190375814155
4.496121150085846
4.496052173704616
4.495983445772329
4.495914965394089
4.495846731678218
4.495778743736255
4.495711000682937
4.495643501636186
4.495576245717106
4.495509232049966
4.495442459762187
4.495375927984336
4.495309635850108
4.495243582496323
4.4951777670629065
4.495112188692882
4.495046846532363
4.494981739730535
4.49491686743965
4.494852228815012
4.494787823014971
4.494723649200905
4.494659706537213
4.494595994191306
4.494532511333593
4.494469257137468
4.494406230779308
4.494343431438454
4.4942808582972
4.49421851054079
4.494156387357402
4.494094487938135
4.494032811477002
4.493971357170925
4.493910124219711
4.493849111826054
4.493788319195517
4.493727745536528
4.493667390060364
4.49360725198114
4.493547330515808
4.493487624884135
4.4934281343087035
4.49336885801489
4.493309795230867
4.493250945187583
4.4931923071187585
4.493133880260876
4.493075663853162
4.493017657137588
4.492959859358858
4.4929022697643894
4.49284488760432
4.492787712131477
4.492730742601387
4.49267397827226
4.492617418404967
4.492561062263054
4.4925049091127125
4.492448958222777
4.492393208864717
4.4923376603126295
4.49228231184322
4.492227162735803
4.492172212272289
4.492117459737174
4.492062904417529
4.492008545602999
4.49195438258578
4.491900414660624
4.491846641124821
4.49179306127819
4.491739674423073
4.49168647986433
4.491633476909316
4.491580664867888
4.4915280430523845
4.491475610777624
4.491423367360892
4.491371312121933
4.491319444382939
4.4912677634685485
4.491216268705828
4.491164959424273
4.4911138349557875
4.491062894634688
4.491012137797684
4.4909615637838805
4.490911171934754
4.4908609615941595
4.490810932108316
4.4907610828257924
4.490711413097508
4.490661922276718
4.490612609719008
4.490563474782287
4.490514516826771
4.490465735214985
4.490417129311752
4.4903686984841755
4.4903204421016465
4.49027235953582
4.490224450160621
4.490176713352228
4.490129148489065
4.490081754951793
4.490034532123307
4.4899874793887244
4.489940596135375
4.489893881752801
4.489847335632735
4.489800957169109
4.489754745758031
4.489708700797791
4.489662821688838
4.48961710783379
4.489571558637408
4.489526173506603
4.489480951850422
4.489435893080036
4.48939099660874
4.489346261851943
4.489301688227157
4.489257275153997
4.489213022054163
4.48916892835144
4.489124993471692
4.489081216842843
4.489037597894885
4.488994136059861
4.488950830771858
4.488907681467004
4.4888646875834555
4.488821848561395
4.48877916384302
4.488736632872536
4.488694255096154
4.4886520299620765
4.488609956920496
4.488568035423583
4.488526264925482
4.488484644882306
4.488443174752122
4.488401853994955
4.488360682072769
4.4883196584494724
4.488278782590899
4.48823805396481
4.488197472040881
4.4881570362907
4.488116746187758
4.488076601207441
4.488036600827027
4.487996744525675
4.487957031784419
4.487917462086167
4.487878034915684
4.487838749759592
4.487799606106368
4.487760603446322
4.487721741271607
4.4876830190762025
4.487644436355912
4.487605992608353
4.487567687332957
4.487529520030948
4.48749149020536
4.487453597361009
4.487415841004497
4.487378220644202
4.487340735790274
4.487303385954626
4.48726617065093
4.487229089394612
4.487192141702838
4.487155327094518
4.487118645090293
4.48708209521253
4.487045676985317
4.487009389934457
4.486973233587461
4.486937207473539
4.486901311123602
4.486865544070244
4.486829905847749
4.486794395992075
4.48675901404085
4.4867237595333735
4.4866886320105985
4.486653631015133
4.486618756091233
4.486584006784796
4.486549382643356
4.486514883216077
4.4864805080537415
4.486446256708758
4.486412128735142
4.486378123688517
4.486344241126109
4.486310480606735
4.486276841690803
4.486243323940307
4.486209926918811
4.486176650191461
4.4861434933249615
4.486110455887581
4.486077537449145
4.486044737581023
4.4860120558561345
4.485979491848933
4.485947045135407
4.4859147152930685
4.485882501900957
4.485850404539626
4.485818422791137
4.485786556239061
4.485754804468466
4.485723167065918
4.485691643619466
4.485660233718651
4.485628936954485
4.485597752919457
4.4855666812075246
4.485535721414105
4.485504873136074
4.48547413597176
4.485443509520939
4.485412993384827
4.485382587166074
4.48535229046877
4.485322102898418
4.485292024061954
4.4852620535677215
4.485232191025481
4.485202436046395
4.485172788243023
4.485143247229331
4.485113812620665
4.48508448403376
4.485055261086734
4.485026143399076
4.484997130591648
4.484968222286678
4.484939418107754
4.4849107176798215
4.484882120629173
4.484853626583452
4.484825235171639
4.484796946024052
4.484768758772342
4.484740673049487
4.484712688489784
4.484684804728851
4.484657021403615
4.484629338152312
4.484601754614485
4.484574270430968
4.484546885243893
4.484519598696684
4.484492410434042
4.484465320101954
4.484438327347677
4.484411431819745
4.48438463316795
4.484357931043356
4.484331325098272
4.484304814986265
4.484278400362154
4.484252080881993
4.484225856203082
4.484199725983951
4.4841736898843605
4.484147747565299
4.484121898688973
4.484096142918808
4.484070479919439
4.484044909356717
4.484019430897683
4.483994044210588
4.483968748964877
4.483943544831179
4.483918431481318
4.483893408588292
4.483868475826284
4.483843632870647
4.483818879397901
4.4837942150857355
4.483769639612999
4.483745152659697
4.483720753906988
4.483696443037178
4.483672219733718
4.483648083681199
4.4836240345653495
4.483600072073026
4.483576195892217
4.483552405712034
4.483528701222708
4.483505082115583
4.48348154808312
4.483458098818883
4.483434734017543
4.483411453374869
4.483388256587725
6.7371904648700065
5.9315935686049555
5.901154707081388
5.89522858644422
5.89009494311733
5.885004158443645
5.8799324804914175
5.874879094762574
5.869843911806386
5.86482686531293
5.8598278899321805
5.85484692057229
5.849883892376587
5.844938740722034
5.84001140121836
5.835101809707227
5.830209902261389
5.825335615183863
5.820478885007099
5.815639648492154
5.810817842627868
5.806013404630045
5.801226271940628
5.796456382226899
5.791703673380653
5.786968083517395
5.782249550975538
5.777548014315596
5.772863412319381
5.768195683989213
5.763544768547121
5.758910605434048
5.754293134309076
5.749692295048628
5.745108027745685
5.740540272709013
5.735988970462381
5.731454061743792
5.7269354875047025
5.722433188909256
5.717947107333529
5.713477184364749
5.709023361800551
5.704585581648199
5.700163786123856
5.695757917651815
5.691367918863751
5.686993732597981
5.682635301898707
5.678292570015292
5.673965480401506
5.669653976714797
5.6653580028155535
5.661077502766379
5.656812420831359
5.652562701475333
5.648328289363182
5.644109129359093
5.639905166525855
5.635716346124136
5.631542613611771
5.627383914643053
5.623240195068026
5.619111400931778
5.61499747847374
5.610898374126985
5.606814034517531
5.602744406463646
5.598689436975159
5.59464907325276
5.590623262687323
5.586611952859217
5.5826150915376225
5.578632626679854
5.574664506430678
5.5707106791216425
5.566771093270403
5.56284569758005
5.558934440938442
5.555037272417543
5.551154141272754
5.547284996942257
5.543429789046352
5.5395884673868085
5.535760981946203
5.531947282887274
5.528147320552271
5.524361045462307
5.520588408316713
5.5168293599924025
5.513083851543225
5.509351834199332
5.5056332593665385
5.501928078625699
5.498236243732065
5.494557706614666
5.490892419375678
5.487240334289805
5.483601403803652
5.479975580535111
5.476362817272741
5.472763066975153
5.469176282770399
5.46560241795536
5.462041425995138
5.4584932605224585
5.454957875337048
5.451435224405051
5.4479252618584235
5.444427941994332
5.440943219274565
5.437471048324934
5.434011383934687
5.430564181055919
5.427129394802986
5.423706980451918
5.420296893439838
5.416899089364382
5.413513523983124
5.410140153212988
5.406778933129693
5.403429819967165
5.4000927701169745
5.396767740127768
5.393454686704696
5.390153566708861
5.386864337156746
5.383586955219661
5.380321378223178
5.377067563646581
5.373825469122317
5.37059505243543
5.367376271523024
5.364169084473712
5.360973449527068
5.357789325073084
5.354616669651632
5.3514554419519165
5.348305600811943
5.345167105217982
5.34203991430403
5.338923987351283
5.335819283787601
5.332725763186988
5.329643385269053
5.326572109898499
5.323511897084588
5.32046270698063
5.317424499883461
5.3143972362329235
5.311380876611355
5.308375381743072
5.305380712493861
5.302396829870464
5.299423695020081
5.2964612692298525
5.29350951392636
5.290568390675129
5.2876378611801185
5.284717887283231
5.281808430963811
5.278909454338153
5.276020919659
5.27314278931507
5.270275025830544
5.26741759186459
5.264570450210886
5.26173356379711
5.2589068956844836
5.256090409067274
5.253284067272322
5.250487833758565
5.247701672116556
5.244925546067993
5.242159419465253
5.2394032562909025
5.236657020657252
5.23392067680587
5.2311941891071285
5.228477522059736
5.225770640290271
5.223073508552727
5.220386091728054
5.217708354823697
5.215040262973136
5.2123817814354485
5.2097328755948435
5.207093510960208
5.204463653164673
5.20184326796515
5.199232321241895
5.196630778998062
5.19403860735926
5.191455772573107
5.188882241008801
5.186317979156676
5.18376295362776
5.18121713115335
5.1786804785845755
5.176152962891966
5.173634551165022
5.171125210611782
5.168624908558403
5.166133612448731
5.163651289843874
5.16117790842179
5.158713435976849
5.156257840419433
5.1538110897755045
5.1513731521861965
5.148943995907394
5.146523589309323
5.14411190087614
5.141708899205515
5.139314553008234
5.136928831107779
5.134551702439931
5.1321831360523635
5.129823101104238
5.127471566865799
5.12512850271798
5.122793878152007
5.120467662768992
5.118149826279542
5.115840338503367
5.113539169368884
5.111246288912825
5.108961667279849
5.10668527472215
5.104417081599076
5.102157058376736
5.09990517562762
5.097661404030211
5.09542571436861
5.09319807753215
5.090978464515021
5.088766846415887
5.086563194437517
5.084367479886402
5.0821796741723855
5.079999748808297
5.0778276754095675
5.075663425693872
5.0735069714807555
5.071358284691267
5.069217337347597
5.067084101572706
5.064958549589968
5.062840653722809
5.060730386394342
5.05862772012701
5.05653262754223
5.0544450813600355
5.052365054398719
5.050292519574478
5.0482274499010735
5.046169818489456
5.044119598547442
5.042076763379343
5.040041286385627
5.038013141062576
5.035992301001938
5.0339787398905775
5.03197243151014
5.029973349736706
5.027981468540455
5.025996761985323
5.024019204228666
5.022048769520927
5.020085432205293
5.018129166717367
5.016179947584834
5.01423774942713
5.012302546955106
5.010374314970708
5.008453028366643
5.006538662126047
5.004631191322175
5.002730591118061
5.000836836766199
4.998949903608226
4.997069767074595
4.995196402684256
4.993329786044343
4.991469892849844
4.9896166988833
4.987770180014478
4.98593031220006
4.984097071483332
4.982270433993872
4.980450375947234
4.978636873644646
4.976829903472699
4.97502944190303
4.973235465492034
4.97144795088054
4.969666874793523
4.967892214039784
4.966123945511669
4.9643620461847435
4.962606493117519
4.96085726345113
4.959114334409053
4.957377683296804
4.955647287501639
4.95392312449227
4.9522051718185605
4.95049340711124
4.948787808081611
4.9470883525212574
4.945395018301759
4.943707783374397
4.942026625769878
4.94035152359803
4.938682455047537
4.937019398385642
4.935362331957868
4.933711234187742
4.932066083576499
4.930426858702819
4.928793538222534
4.927166100868362
4.925544525449623
4.923928790851963
4.922318876037079
4.920714760042452
4.919116421981068
4.91752384104114
4.9159369964858515
4.914355867653076
4.9127804339551115
4.91121067487841
4.9096465699833125
4.908088098903784
4.9065352413471475
4.904987977093815
4.903446285997032
4.901910147982609
4.900379543048666
4.8988544512653664
4.897334852774656
4.895820727790016
4.894312056596192
4.892808819548944
4.891310997074789
4.889818569670748
4.88833151790409
4.88684982241208
4.885373463901724
4.883902423149524
4.882436681001221
4.880976218371547
4.879521016243985
4.8780710556705085
4.876626317771342
4.875186783734712
4.87375243481661
4.872323252340535
4.870899217697262
4.869480312344593
4.868066517807122
4.866657815675987
4.865254187608633
4.863855615328575
4.862462080625158
4.861073565353326
4.859690051433371
4.858311520850714
4.856937955655664
4.855569337963177
4.854205649952639
4.852846873867618
4.851492992015639
4.850143986767961
4.8487998405593355
4.847460535887784
4.846126055314369
4.844796381462968
4.843471497020046
4.842151384734429
4.8408360274170805
4.839525407940884
4.838219509240405
4.836918314311682
4.835621806212003
4.834329968059677
4.833042783033826
4.831760234374156
4.830482305380744
4.829208979413816
4.8279402398935405
4.826676070299799
4.82541645417198
4.82416137510876
4.822910816767898
4.821664762866012
4.820423197178371
4.819186103538687
4.817953465838902
4.816725268028978
4.815501494116686
4.814282128167403
4.8130671543039
4.811856556706142
4.8106503196110655
4.809448427312395
4.808250864160424
4.807057614561818
4.805868662979402
4.804683993931976
4.803503591994089
4.802327441795867
4.801155528022781
4.799987835415476
4.798824348769555
4.797665052935391
4.796509932817919
4.795358973376448
4.7942121596244665
4.793069476629436
4.791930909512613
4.790796443448837
4.7896660636663535
4.788539755446615
4.787417504124086
4.786299295086054
4.785185113772448
4.784074945675635
4.7829687763402395
4.781866591362954
4.780768376392351
4.779674117128695
4.778583799323759
4.777497408780634
4.7764149313535516
4.775336352947692
4.774261659519007
4.773190837074032
4.772123871669707
4.771060749413196
4.770001456461701
4.768945979022286
4.767894303351698
4.7668464157561825
4.7658023025913145
4.7647619502618115
4.763725345221363
4.762692473972448
4.761663323066164
4.760637879102054
4.759616128727926
4.75859805863968
4.757583655581141
4.756572906343878
4.755565797767037
4.7545623167371724
4.753562450188068
4.75256618510057
4.7515735085024255
4.750584407468098
4.7495988691186195
4.748616880621399
4.7476384291900775
4.7466635020843455
4.745692086609786
4.744724170117706
4.743759740004974
4.742798783713851
4.741841288731831
4.740887242591483
4.739936632870275
4.738989447190422
4.738045673218729
4.737105298666415
4.7361683112889725
4.735234698885989
4.734304449301005
4.733377550421341
4.7324539901779525
4.731533756545262
4.73061683754101
4.729703221226098
4.728792895704427
4.727885849122752
4.726982069670519
4.726081545579716
4.725184265124722
4.724290216622143
4.7233993884306775
4.722511768950947
4.721627346625358
4.7207461099379495
4.719868047414232
4.718993147621053
4.7181213991664395
4.717252790699453
4.716387310910036
4.715524948528874
4.714665692327245
4.713809531116866
4.712956453749759
4.712106449118098
4.711259506154066
4.710415613829715
4.7095747611568175
4.708736937186721
4.707902131010216
4.707070331757382
4.706241528597455
4.705415710738681
4.7045928674281745
4.7037729879517896
4.702956061633963
4.70214207783759
4.701331025963877
4.700522895452207
4.699717675780004
4.698915356462593
4.698115927053061
4.697319377142127
4.696525696358006
4.6957348743662655
4.694946900869701
4.694161765608201
4.693379458358601
4.6925999689345685
4.691823287186457
4.691049403001181
4.690278306302082
4.689509987048791
4.688744435237112
4.68798164089888
4.6872215941018345
4.68646428494949
4.685709703581009
4.68495784017107
4.684208684929745
4.683462228102366
4.682718459969402
4.68197737084633
4.681238951083514
4.680503191066069
4.679770081213745
4.679039611980804
4.678311773855884
4.677586557361888
4.67686395305585
4.676143951528825
4.675426543405748
4.6747117193453285
4.673999470039924
4.673289786215413
4.672582658631083
4.671878078079506
4.671176035386413
4.670476521410587
4.669779527043734
4.669085043210366
4.668393060867689
4.667703571005476
4.667016564645957
4.666332032843698
4.665649966685488
4.664970357290219
4.664293195808771
4.6636184734239015
4.662946181350124
4.6622763108336
4.661608853152018
4.660943799614486
4.660281141561419
4.659620870364415
4.65896297742616
4.658307454180303
4.657654292091346
4.657003482654542
4.656355017395771
4.65570888787144
4.655065085668367
4.654423602403678
4.653784429724688
4.653147559308802
4.652512982863401
4.651880692125734
4.651250678862817
4.650622934871315
4.649997451977444
4.649374222036859
4.648753236934556
4.648134488584754
4.647517968930801
4.646903669945062
4.6462915836288206
4.6456817020121655
4.645074017153899
4.644468521141423
4.6438652060906405
4.643264064145856
4.642665087479663
4.6420682682928565
4.641473598814318
4.6408810713009245
4.640290678037439
4.639702411336419
4.639116263538107
4.638532227010337
4.637950294148439
4.637370457375124
4.636792709140407
4.636217041921489
4.635643448222672
4.635071920575255
4.634502451537444
4.633935033694243
4.633369659657367
4.6328063220651465
4.6322450135824225
4.631685726900461
4.63112845473685
4.630573189835415
4.630019924966112
4.629468652924937
4.628919366533842
4.62837205864063
4.627826722118865
4.627283349867779
4.626741934812184
4.626202469902374
4.625664948114039
4.625129362448163
4.6245957059309495
4.6240639716137135
4.623534152572803
4.623006241909503
4.622480232749945
4.621956118245026
4.621433891570307
4.620913545925934
4.62039507453654
4.619878470651173
4.6193637275431865
4.6188508385101725
4.618339796873855
4.61783059598002
4.61732322919842
4.616817689922685
4.616313971570251
4.61581206758225
4.61531197142345
4.6148136765821555
4.614317176570122
4.613822464922479
4.613329535197643
4.6128383809772275
4.61234899586597
4.611861373491642
4.611375507504967
4.610891391579535
4.61040901941173
4.609928384720636
4.609449481247962
4.60897230275796
4.608496843037341
4.608023095895198
4.607551055162921
4.607080714694119
4.606612068364545
4.606145110072005
4.605679833736285
4.6052162332990765
4.60475430272389
4.604294035995976
4.603835427122256
4.603378470131233
4.60292315907292
4.602469488018764
4.602017451061564
4.601567042315398
4.6011182559155435
4.6006710860184
4.600225526801422
4.59978157246303
4.599339217222544
4.598898455320107
4.598459281016607
4.5980216885936045
4.5975856723532535
4.597151226618241
4.596718345731695
4.596287024057118
4.595857255978325
4.595429035899349
4.595002358244385
4.5945772174577115
4.594153608003617
4.593731524366331
4.593310961049946
4.5928919125783585
4.592474373495181
4.592058338363687
4.591643801766726
4.591230758306666
4.590819202605312
4.590409129303845
4.590000533062742
4.589593408561724
4.5891877504996605
4.588783553594528
4.588380812583322
4.587979522221995
4.587579677285394
4.587181272567178
4.586784302879765
4.586388763054259
4.585994647940376
4.585601952406391
4.585210671339058
4.5848207996435475
4.584432332243386
4.584045264080381
4.5836595901145625
4.583275305324111
4.582892404705299
4.582510883272419
4.582130736057723
4.581751958111355
4.581374544501292
4.580998490313272
4.580623790650736
4.580250440634761
4.579878435403997
4.579507770114607
4.579138439940198
4.578770440071764
4.578403765717619
4.578038412103337
4.577674374471688
4.577311648082582
4.576950228212997
4.576590110156925
4.576231289225307
4.57587376074598
4.575517520063601
4.575162562539603
4.574808883552121
4.574456478495942
4.574105342782437
4.573755471839511
4.573406861111529
4.573059506059272
4.572713402159867
4.572368544906734
4.572024929809526
4.571682552394068
4.5713414082023025
4.571001492792229
4.5706628017378454
4.570325330629095
4.569989075071802
4.569654030687624
4.569320193113979
4.568987558004013
4.568656121026514
4.568325877865882
4.567996824222056
4.567668955810466
4.5673422683619735
4.567016757622818
4.566692419354561
4.566369249334027
4.566047243353258
4.565726397219448
4.565406706754898
4.565088167796951
4.564770776197949
4.564454527825169
4.564139418560778
4.563825444301772
4.563512600959928
4.563200884461749
4.562890290748405
4.5625808157756955
4.562272455513976
4.561965205948125
4.561659063077478
4.5613540229157845
4.561050081491149
4.560747234845986
4.560445479036962
4.560144810134946
4.559845224224968
4.559546717406144
4.559249285791657
4.558952925508682
4.558657632698342
4.558363403515664
4.558070234129523
4.557778120722592
4.557487059491295
4.557197046645756
4.5569080784097515
4.556620151020655
4.556333260729399
4.556047403800417
4.5557625765115946
4.5554787751542305
4.555195996032978
4.554914235465801
4.554633489783927
4.554353755331797
4.554075028467022
4.553797305560327
4.553520582995516
4.553244857169413
4.552970124491824
4.552696381385485
4.552423624286017
4.5521518496418825
4.551881053914331
4.551611233577363
4.551342385117678
4.55107450503463
4.550807589840182
4.550541636058859
4.55027664022771
4.550012598896254
4.549749508626433
4.549487365992584
4.549226167581372
4.5489659099917645
4.548706589834976
4.548448203734425
4.548190748325698
4.547934220256498
4.547678616186596
4.547423932787805
4.547170166743919
4.546917314750678
4.546665373515724
4.546414339758561
4.5461642102105015
4.545914981614642
4.545666650725802
4.54541921431049
4.545172669146869
4.544927012024698
4.544682239745306
4.544438349121537
4.5441953369777215
4.543953200149623
4.543711935484406
4.543471539840592
4.543232010088012
4.542993343107779
4.542755535792233
4.542518585044917
4.542282487780517
4.542047240924838
4.541812841414759
4.5415792861981865
4.541346572234026
4.541114696492136
4.540883655953286
4.540653447609125
4.540424068462133
4.540195515525592
4.5399677858235385
4.539740876390729
4.539514784272603
4.539289506525239
4.53906504021532
4.538841382420095
4.5386185302273425
4.538396480735326
4.538175231052766
4.537954778298796
4.537735119602923
4.537516252104996
4.537298172955165
4.537080879313847
4.5368643683516865
4.536648637249517
4.536433683198325
4.536219503399224
4.536006095063397
4.5357934554120805
4.535581581676518
4.535370471097922
4.535160120927449
4.53495052842615
4.534741690864946
4.534533605524584
4.534326269695612
4.534119680678329
4.533913835782763
4.533708732328634
4.53350436764531
4.533300739071781
4.533097843956623
4.532895679657961
4.532694243543436
4.532493532990172
4.532293545384737
4.532094278123115
4.531895728610671
4.531697894262111
4.5315007725014596
4.531304360762014
4.531108656486318
4.530913657126129
4.530719360142383
4.53052576300516
4.530332863193653
4.530140658196135
4.529949145509924
4.529758322641358
4.529568187105753
4.529378736427376
4.529189968139408
4.529001879783919
4.528814468911833
4.528627733082893
4.528441669865631
4.528256276837341
4.52807155158404
4.527887491700442
4.527704094789922
4.527521358464489
4.527339280344757
4.527157858059903
4.526977089247651
4.526796971554227
4.52661750263434
4.526438680151148
4.526260501776218
4.526082965189512
4.525906068079348
4.525729808142364
4.5255541830835035
4.525379190615968
4.525204828461202
4.525031094348856
4.524857986016757
4.524685501210879
4.5245136376853194
4.524342393202259
4.524171765531945
4.524001752452653
4.523832351750661
4.523663561220222
4.523495378663533
4.523327801890706
4.523160828719745
4.522994456976511
4.522828684494694
4.52266350911579
4.522498928689068
4.522334941071547
4.522171544127961
4.522008735730733
4.52184651375996
4.521684876103362
4.521523820656275
4.521363345321614
4.521203448009849
4.521044126638972
4.520885379134479
4.520727203429336
4.520569597463955
4.520412559186166
4.520256086551191
4.520100177521616
4.51994483006737
4.519790042165689
4.519635811801096
4.519482136965377
4.519329015657548
4.519176445883833
4.519024425657637
4.518872952999525
4.518722025937184
4.518571642505414
4.518421800746084
4.518272498708125
4.518123734447492
4.517975506027139
4.5178278115170025
4.517680648993969
4.517534016541849
4.517387912251361
4.5172423342200965
4.517097280552497
4.51695274935984
4.516808738760197
4.516665246878423
4.516522271846125
4.516379811801644
4.516237864890023
4.5160964292629835
4.515955503078913
4.515815084502824
4.515675171706342
4.515535762867679
4.515396856171608
4.515258449809439
4.515120541979001
4.514983130884607
4.514846214737047
4.51470979175355
4.514573860157765
4.514438418179744
4.514303464055914
4.5141689960290465
4.514035012348253
4.513901511268946
4.513768491052822
4.51363594996784
4.5135038862881975
4.513372298294308
4.513241184272778
4.5131105425163875
4.512980371324065
4.512850669000865
4.512721433857947
4.512592664212556
4.512464358387998
4.5123365147136125
4.512209131524767
4.512082207162816
4.511955739975093
4.51182972831488
4.511704170541396
4.511579065019768
4.511454410121006
4.511330204221996
4.5112064457054695
4.511083132959975
4.510960264379873
4.510837838365307
4.51071585332218
4.51059430766214
4.510473199802552
4.510352528166486
4.510232291182688
4.510112487285568
4.50999311491517
4.509874172517163
4.509755658542809
4.509637571448951
4.509519909697992
4.509402671757868
4.509285856102039
4.509169461209461
4.50905348556457
4.508937927657257
4.508822785982859
4.508708059042127
4.508593745341215
4.508479843391656
4.508366351710347
4.508253268819525
4.508140593246749
4.508028323524884
4.507916458192077
4.507804995791744
4.507693934872544
4.507583273988367
4.507473011698308
4.507363146566656
4.507253677162867
4.507144602061552
4.507035919842457
4.506927629090446
4.506819728395472
4.506712216352575
4.506605091561854
4.506498352628445
4.506391998162514
4.5062860267792315
4.506180437098758
4.506075227746218
4.505970397351696
4.505865944550204
4.5057618679816756
4.505658166290941
4.505554838127714
4.505451882146565
4.505349297006918
4.505247081373027
4.505145233913949
4.505043753303542
4.504942638220435
4.504841887348025
4.5047414993744415
4.504641472992545
4.504541806899905
4.5044424997987775
4.504343550396099
4.504244957403459
4.504146719537086
4.504048835517841
4.503951304071183
4.503854123927169
4.503757293820424
4.503660812490137
4.503564678680032
4.503468891138365
4.503373448617895
4.503278349875875
4.503183593674036
4.503089178778568
4.502995103960104
4.502901367993708
4.5028079696588525
4.502714907739411
4.502622181023632
4.502529788304133
4.502437728377875
4.5023460000461615
4.502254602114604
4.502163533393121
4.502072792695919
4.50198237884147
4.501892290652508
4.501802526956003
4.501713086583153
4.501623968369364
4.501535171154241
4.501446693781559
4.501358535099268
4.501270693959464
4.501183169218376
4.501095959736355
4.501009064377853
4.50092248201142
4.500836211509675
4.500750251749297
4.500664601611016
4.500579259979591
4.500494225743796
4.5004094977964115
4.500325075034203
4.5002409563579135
4.500157140672241
4.500073626885831
4.499990413911261
4.499907500665022
4.499824886067513
4.499742569043015
4.49966054851969
4.499578823429556
4.49949739270848
4.499416255296162
4.499335410136122
4.499254856175682
4.49917459236596
4.4990946176618465
4.499014931022003
4.498935531408838
4.498856417788497
4.498777589130851
4.498699044409481
4.498620782601665
4.498542802688364
4.49846510365421
4.4983876844874935
4.498310544180148
4.498233681727738
4.498157096129445
4.498080786388058
4.4980047515099555
4.497928990505096
4.497853502387004
4.497778286172757
4.497703340882972
4.497628665541798
4.497554259176892
4.497480120819419
4.4974062495040315
4.497332644268858
4.497259304155495
4.497186228208987
4.497113415477821
4.49704086501391
4.496968575872586
4.496896547112574
4.496824777796002
4.496753266988365
4.49668201375853
4.496611017178718
4.496540276324488
4.496469790274734
4.496399558111662
4.496329578920788
4.496259851790923
4.496190375814155
4.496121150085846
4.496052173704616
4.495983445772329
4.495914965394089
4.495846731678218
4.495778743736255
4.495711000682937
4.495643501636186
4.495576245717106
4.495509232049966
4.495442459762187
4.495375927984336
4.495309635850108
4.495243582496323
4.4951777670629065
4.495112188692882
4.495046846532363
4.494981739730535
4.49491686743965
4.494852228815012
4.494787823014971
4.494723649200905
4.494659706537213
4.494595994191306
4.494532511333593
4.494469257137468
4.494406230779308
4.494343431438454
4.4942808582972
4.49421851054079
4.494156387357402
4.494094487938135
4.494032811477002
4.493971357170925
4.493910124219711
4.493849111826054
4.493788319195517
4.493727745536528
4.493667390060364
4.49360725198114
4.493547330515808
4.493487624884135
4.4934281343087035
4.49336885801489
4.493309795230867
4.493250945187583
4.4931923071187585
4.493133880260876
4.493075663853162
4.493017657137588
4.492959859358858
4.4929022697643894
4.49284488760432
4.492787712131477
4.492730742601387
4.49267397827226
4.492617418404967
4.492561062263054
4.4925049091127125
4.492448958222777
4.492393208864717
4.4923376603126295
4.49228231184322
4.492227162735803
4.492172212272289
4.492117459737174
4.492062904417529
4.492008545602999
4.49195438258578
4.491900414660624
4.491846641124821
4.49179306127819
4.491739674423073
4.49168647986433
4.491633476909316
4.491580664867888
4.4915280430523845
4.491475610777624
4.491423367360892
4.491371312121933
4.491319444382939
4.4912677634685485
4.491216268705828
4.491164959424273
4.4911138349557875
4.491062894634688
4.491012137797684
4.4909615637838805
4.490911171934754
4.4908609615941595
4.490810932108316
4.4907610828257924
4.490711413097508
4.490661922276718
4.490612609719008
4.490563474782287
4.490514516826771
4.490465735214985
4.490417129311752
4.4903686984841755
4.4903204421016465
4.49027235953582
4.490224450160621
4.490176713352228
4.490129148489065
4.490081754951793
4.490034532123307
4.4899874793887244
4.489940596135375
4.489893881752801
4.489847335632735
4.489800957169109
4.489754745758031
4.489708700797791
4.489662821688838
4.48961710783379
4.489571558637408
4.489526173506603
4.489480951850422
4.489435893080036
4.48939099660874
4.489346261851943
4.489301688227157
4.489257275153997
4.489213022054163
4.48916892835144
4.489124993471692
4.489081216842843
4.489037597894885
4.488994136059861
4.488950830771858
4.488907681467004
4.4888646875834555
4.488821848561395
4.48877916384302
4.488736632872536
4.488694255096154
4.4886520299620765
4.488609956920496
4.488568035423583
4.488526264925482
4.488484644882306
4.488443174752122
4.488401853994955
4.488360682072769
4.4883196584494724
4.488278782590899
4.48823805396481
4.488197472040881
4.4881570362907
4.488116746187758
4.488076601207441
4.488036600827027
4.487996744525675
4.487957031784419
4.487917462086167
4.487878034915684
4.487838749759592
4.487799606106368
4.487760603446322
4.487721741271607
4.4876830190762025
4.487644436355912
4.487605992608353
4.487567687332957
4.487529520030948
4.48749149020536
4.487453597361009
4.487415841004497
4.487378220644202
4.487340735790274
4.487303385954626
4.48726617065093
4.487229089394612
4.487192141702838
4.487155327094518
4.487118645090293
4.48708209521253
4.487045676985317
4.487009389934457
4.486973233587461
4.486937207473539
4.486901311123602
4.486865544070244
4.486829905847749
4.486794395992075
4.48675901404085
4.4867237595333735
4.4866886320105985
4.486653631015133
4.486618756091233
4.486584006784796
4.486549382643356
4.486514883216077
4.4864805080537415
4.486446256708758
4.486412128735142
4.486378123688517
4.486344241126109
4.486310480606735
4.486276841690803
4.486243323940307
4.486209926918811
4.486176650191461
4.4861434933249615
4.486110455887581
4.486077537449145
4.486044737581023
4.4860120558561345
4.485979491848933
4.485947045135407
4.4859147152930685
4.485882501900957
4.485850404539626
4.485818422791137
4.485786556239061
4.485754804468466
4.485723167065918
4.485691643619466
4.485660233718651
4.485628936954485
4.485597752919457
4.4855666812075246
4.485535721414105
4.485504873136074
4.48547413597176
4.485443509520939
4.485412993384827
4.485382587166074
4.48535229046877
4.485322102898418
4.485292024061954
4.4852620535677215
4.485232191025481
4.485202436046395
4.485172788243023
4.485143247229331
4.485113812620665
4.48508448403376
4.485055261086734
4.485026143399076
4.484997130591648
4.484968222286678
4.484939418107754
4.4849107176798215
4.484882120629173
4.484853626583452
4.484825235171639
4.484796946024052
4.484768758772342
4.484740673049487
4.484712688489784
4.484684804728851
4.484657021403615
4.484629338152312
4.484601754614485
4.484574270430968
4.484546885243893
4.484519598696684
4.484492410434042
4.484465320101954
4.484438327347677
4.484411431819745
4.48438463316795
4.484357931043356
4.484331325098272
4.484304814986265
4.484278400362154
4.484252080881993
4.484225856203082
4.484199725983951
4.4841736898843605
4.484147747565299
4.484121898688973
4.484096142918808
4.484070479919439
4.484044909356717
4.484019430897683
4.483994044210588
4.483968748964877
4.483943544831179
4.483918431481318
4.483893408588292
4.483868475826284
4.483843632870647
4.483818879397901
4.4837942150857355
4.483769639612999
4.483745152659697
4.483720753906988
4.483696443037178
4.483672219733718
4.483648083681199
4.4836240345653495
4.483600072073026
4.483576195892217
4.483552405712034
4.483528701222708
4.483505082115583
4.48348154808312
4.483458098818883
4.483434734017543
4.483411453374869
4.483388256587725
